Mean:

[[ 1.02492437 14.20326701  0.67022256]
 [ 1.00507398 13.49562598  0.66455761]
 [ 0.96739001 12.13684813  0.65455608]
 [ 1.01530124 10.83785633  0.73444511]
 [ 1.0727155   9.91988982  0.8098242 ]
 [ 1.06992454 13.26670139  0.73533231]
 [ 1.47867594 12.52750272  1.16450083]
 [ 1.31709077 14.15903056  0.95996981]
 [ 1.60846649  7.86921534  1.42527739]
 [ 1.19387226  8.42108695  0.98237225]
 [ 2.8391058  12.70061995  2.56694238]
 [ 1.72177156 21.13270468  1.22059307]]
STD:

[[ 0.0725123   6.71531889  0.10163955]
 [ 0.26798775  6.35469322  0.26553231]
 [ 0.18366244  5.12825288  0.19896692]
 [ 0.41163656  4.66297265  0.41858561]
 [ 0.58664618  4.20306084  0.58504399]
 [ 0.78050755  7.21066202  0.7554013 ]
 [ 0.79318134  5.61958619  0.79335498]
 [ 0.63827522  7.12791999  0.62968503]
 [ 0.90868977  4.12084732  0.91304358]
 [ 0.95289408  4.69782832  0.94204365]
 [ 1.71129998  6.61543167  1.7215063 ]
 [ 0.74200789 12.39827437  0.76320967]]
